4 1
1 1 1 1
4 2
1 1 1 1
4 4
1 1 1 1
1000 4
1 2 3 3 2 1 7 8 9 0
1 2 3 3 2 1 7 8 9 0
1 2 3 3 2 1 7 8 9 0
1 2 3 3 2 1 7 8 9 0
1 2 3 3 2 1 7 8 9 0
1 2 3 3 2 1 7 8 9 0
1 2 3 3 2 1 7 8 9 0
1 2 3 3 2 1 7 8 9 0
1 2 3 3 2 1 7 8 9 0
1 2 3 3 2 1 7 8 9 0
1 2 3 3 2 1 7 8 9 0
1 2 3 3 2 1 7 8 9 0
1 2 3 3 2 1 7 8 9 0
1 2 3 3 2 1 7 8 9 0
1 2 3 3 2 1 7 8 9 0
1 2 3 3 2 1 7 8 9 0
1 2 3 3 2 1 7 8 9 0
1 2 3 3 2 1 7 8 9 0
1 2 3 3 2 1 7 8 9 0
1 2 3 3 2 1 7 8 9 0
1 2 3 3 2 1 7 8 9 0
1 2 3 3 2 1 7 8 9 0
1 2 3 3 2 1 7 8 9 0
1 2 3 3 2 1 7 8 9 0
1 2 3 3 2 1 7 8 9 0
1 2 3 3 2 1 7 8 9 0
1 2 3 3 2 1 7 8 9 0
1 2 3 3 2 1 7 8 9 0
1 2 3 3 2 1 7 8 9 0
1 2 3 3 2 1 7 8 9 0
1 2 3 3 2 1 7 8 9 0
1 2 3 3 2 1 7 8 9 0
1 2 3 3 2 1 7 8 9 0
1 2 3 3 2 1 7 8 9 0
1 2 3 3 2 1 7 8 9 0
1 2 3 3 2 1 7 8 9 0
1 2 3 3 2 1 7 8 9 0
1 2 3 3 2 1 7 8 9 0
1 2 3 3 2 1 7 8 9 0
1 2 3 3 2 1 7 8 9 0
1 2 3 3 2 1 7 8 9 0
1 2 3 3 2 1 7 8 9 0
1 2 3 3 2 1 7 8 9 0
1 2 3 3 2 1 7 8 9 0
1 2 3 3 2 1 7 8 9 0
1 2 3 3 2 1 7 8 9 0
1 2 3 3 2 1 7 8 9 0
1 2 3 3 2 1 7 8 9 0
1 2 3 3 2 1 7 8 9 0
1 2 3 3 2 1 7 8 9 0
1 2 3 3 2 1 7 8 9 0
1 2 3 3 2 1 7 8 9 0
1 2 3 3 2 1 7 8 9 0
1 2 3 3 2 1 7 8 9 0
1 2 3 3 2 1 7 8 9 0
1 2 3 3 2 1 7 8 9 0
1 2 3 3 2 1 7 8 9 0
1 2 3 3 2 1 7 8 9 0
1 2 3 3 2 1 7 8 9 0
1 2 3 3 2 1 7 8 9 0
1 2 3 3 2 1 7 8 9 0
1 2 3 3 2 1 7 8 9 0
1 2 3 3 2 1 7 8 9 0
1 2 3 3 2 1 7 8 9 0
1 2 3 3 2 1 7 8 9 0
1 2 3 3 2 1 7 8 9 0
1 2 3 3 2 1 7 8 9 0
1 2 3 3 2 1 7 8 9 0
1 2 3 3 2 1 7 8 9 0
1 2 3 3 2 1 7 8 9 0
1 2 3 3 2 1 7 8 9 0
1 2 3 3 2 1 7 8 9 0
1 2 3 3 2 1 7 8 9 0
1 2 3 3 2 1 7 8 9 0
1 2 3 3 2 1 7 8 9 0
1 2 3 3 2 1 7 8 9 0
1 2 3 3 2 1 7 8 9 0
1 2 3 3 2 1 7 8 9 0
1 2 3 3 2 1 7 8 9 0
1 2 3 3 2 1 7 8 9 0
1 2 3 3 2 1 7 8 9 0
1 2 3 3 2 1 7 8 9 0
1 2 3 3 2 1 7 8 9 0
1 2 3 3 2 1 7 8 9 0
1 2 3 3 2 1 7 8 9 0
1 2 3 3 2 1 7 8 9 0
1 2 3 3 2 1 7 8 9 0
1 2 3 3 2 1 7 8 9 0
1 2 3 3 2 1 7 8 9 0
1 2 3 3 2 1 7 8 9 0
1 2 3 3 2 1 7 8 9 0
1 2 3 3 2 1 7 8 9 0
1 2 3 3 2 1 7 8 9 0
1 2 3 3 2 1 7 8 9 0
1 2 3 3 2 1 7 8 9 0
1 2 3 3 2 1 7 8 9 0
1 2 3 3 2 1 7 8 9 0
1 2 3 3 2 1 7 8 9 0
1 2 3 3 2 1 7 8 9 0
1 2 3 3 2 1 7 8 9 0

0 0
